((("true" .
   [1 0 0 0])
  ("return" .
   [1 0 0 0 0 0])
  ("ret" .
   [4 0 0])
  ("NULL" .
   [1 0 0 0])
  ("if" .
   [1 0])
  ("queue" .
   [4 0 0 0 0])
  ("IAP_QUEUE" .
   [1 0 0 0 0 0 0 0 0])
  ("howm-menu-todo" .
   [1 0 0 0 0 0 0 0 0 0 0 0 0 0])
  ("100" .
   [2 0 0])
  ("1" .
   [1])
  ("howm-menu-recent-num" .
   [1 0 0 0 0 0 0 0 0 0 0 0 0 0 0 0 0 0 0 0])
  ("setq" .
   [1 0 0 0])
  ("message" .
   [2 0 0 0 0 0 0])
  ("null" .
   [1 0 0 0])
  ("Context" .
   [1 0 0 0 0 0 0])
  ("content" .
   [1 0 0 0 0 0 0])
  ("Dialog" .
   [1 0 0 0 0 0])
  ("app" .
   [1 0 0])
  ("import" .
   [1 0 0 0 0 0])
  ("i" .
   [1])
  ("setView" .
   [1 0 0 0 0 0 0])
  ("view" .
   [2 0 0 0])
  ("layout" .
   [1 0 0 0 0 0])
  ("inflate" .
   [0 0 0 1 0 0 0])
  ("this" .
   [1 0 0 0])
  ("from" .
   [1 0 0 0])
  ("LayoutInflater" .
   [0 0 0 0 0 0 0 0 0 1 0 0 0 0])
  ("View" .
   [1 0 0 0])
  ("final" .
   [1 0 0 0 0])
  ("anything-startup" .
   [1 0 0 0 0 0 0 0 0 0 0 0 0 0 0 0])
  ("require" .
   [2 0 0 0 0 0 0])
  ("utf-8" .
   [1 0 0 0 0])
  ("pomodoro" .
   [1 0 0 0 0 0 0 0])
  ("long" .
   [1 0 0 0])
  ("now" .
   [3 0 0])
  ("Date" .
   [2 0 0 0])
  ("new" .
   [1 0 0])
  ("System" .
   [1 0 0 0 0 0])
  ("currentTimeMillis" .
   [0 0 0 0 0 0 0 0 0 0 0 1 0 0 0 0 0])
  ("1000" .
   [1 0 0 0])
  ("void" .
   [1 0 0 0])
  ("data" .
   [1 0 0 0])
  ("packet" .
   [1 0 0 0 0 0])
  ("unsigned" .
   [1 0 0 0 0 0 0 0])
  ("char" .
   [1 0 0 0])
  ("buf" .
   [2 0 0])
  ("MAX_BUF" .
   [1 0 0 0 0 0 0])
  ("memcpy" .
   [1 0 0 0 0 0])
  ("buf2" .
   [5 0 0 0])
  ("0xff" .
   [1 0 0 0])
  ("packet_size" .
   [1 0 0 0 0 0 0 0 0 0 0])
  ("memset" .
   [1 0 0 0 0 0])
  ("0x00" .
   [2 0 0 0])
  ("sizeof" .
   [1 0 0 0 0 0])
  ("else" .
   [2 0 0 0])
  ("btfd" .
   [1 0 0 0])
  ("define" .
   [1 0 0 0 0 0])
  ("MAC_ADDR" .
   [1 0 0 0 0 0 0 0])
  ("LOGE" .
   [1 0 0 0])
  ("/bin/" .
   [0 1 0 0 0])))
